(S'\n OpenBabel04021017592D\n\n 29 32  0  0  0  0  0  0  0  0999 V2000\n    0.0000    0.0000    0.0000 C   0  0  0  0  0\n    0.0000    0.0000    0.0000 C   0  0  0  0  0\n    0.0000    0.0000    0.0000 C   0  0  0  0  0\n    0.0000    0.0000    0.0000 C   0  0  0  0  0\n    0.0000    0.0000    0.0000 S   0  0  0  0  0\n    0.0000    0.0000    0.0000 C   0  0  0  0  0\n    0.0000    0.0000    0.0000 C   0  0  0  0  0\n    0.0000    0.0000    0.0000 C   0  0  0  0  0\n    0.0000    0.0000    0.0000 C   0  0  0  0  0\n    0.0000    0.0000    0.0000 C   0  0  0  0  0\n    0.0000    0.0000    0.0000 O   0  0  0  0  0\n    0.0000    0.0000    0.0000 N   0  0  0  0  0\n    0.0000    0.0000    0.0000 H   0  0  0  0  0\n    0.0000    0.0000    0.0000 C   0  0  0  0  0\n    0.0000    0.0000    0.0000 N   0  0  0  0  0\n    0.0000    0.0000    0.0000 C   0  0  0  0  0\n    0.0000    0.0000    0.0000 C   0  0  0  0  0\n    0.0000    0.0000    0.0000 C   0  0  0  0  0\n    0.0000    0.0000    0.0000 C   0  0  0  0  0\n    0.0000    0.0000    0.0000 C   0  0  0  0  0\n    0.0000    0.0000    0.0000 C   0  0  0  0  0\n    0.0000    0.0000    0.0000 Cl  0  0  0  0  0\n    0.0000    0.0000    0.0000 O   0  0  0  0  0\n    0.0000    0.0000    0.0000 C   0  0  0  0  0\n    0.0000    0.0000    0.0000 C   0  0  0  0  0\n    0.0000    0.0000    0.0000 C   0  0  0  0  0\n    0.0000    0.0000    0.0000 O   0  0  0  0  0\n    0.0000    0.0000    0.0000 C   0  0  0  0  0\n    0.0000    0.0000    0.0000 C   0  0  0  0  0\n  1  5  1  0  0  0\n  1 15  1  0  0  0\n  1  2  1  0  0  0\n  2  3  2  0  0  0\n  2 10  1  0  0  0\n  3  9  1  0  0  0\n  3  4  1  0  0  0\n  4  5  2  0  0  0\n  4  6  1  0  0  0\n  6  7  1  0  0  0\n  7  8  1  0  0  0\n  8  9  1  0  0  0\n 10 11  2  0  0  0\n 10 12  2  0  0  0\n 12 13  1  0  0  0\n 12 14  1  0  0  0\n 14 15  2  0  0  0\n 14 16  1  0  0  0\n 16 21  2  0  0  0\n 16 17  1  0  0  0\n 17 18  2  0  0  0\n 18 19  1  0  0  0\n 18 27  1  0  0  0\n 19 20  2  0  0  0\n 19 23  1  0  0  0\n 20 21  1  0  0  0\n 20 22  1  0  0  0\n 23 24  1  0  0  0\n 24 25  1  0  0  0\n 25 26  3  0  0  0\n 27 28  1  0  0  0\n 28 29  1  0  0  0\nM  END\n$$$$\n'
p0
(lp1
ccompounddb.models
Library
p2
(tRp3
(dp4
S'count'
p5
L250250L
sS'_header_cache'
p6
ccompounddb.models
LibraryHeader
p7
(tRp8
(dp9
S'id'
p10
I29
sS'name'
p11
VNCI
p12
sbsS'created_time'
p13
cdatetime
datetime
p14
(S'\x07\xd9\x0b\t\r!\x0f\t\x07V'
p15
tp16
Rp17
sS'version'
p18
I0
sS'header_id'
p19
I29
sg10
I40
sbatp20
.