(S'\n OpenBabel06221009302D\n\n 23 24  0  0  0  0  0  0  0  0999 V2000\n    0.0000    0.0000    0.0000 C   0  0  0  0  0\n    0.0000    0.0000    0.0000 C   0  0  0  0  0\n    0.0000    0.0000    0.0000 C   0  0  0  0  0\n    0.0000    0.0000    0.0000 O   0  0  0  0  0\n    0.0000    0.0000    0.0000 N   0  0  0  0  0\n    0.0000    0.0000    0.0000 C   0  0  0  0  0\n    0.0000    0.0000    0.0000 C   0  0  0  0  0\n    0.0000    0.0000    0.0000 C   0  0  0  0  0\n    0.0000    0.0000    0.0000 C   0  0  0  0  0\n    0.0000    0.0000    0.0000 C   0  0  0  0  0\n    0.0000    0.0000    0.0000 C   0  0  0  0  0\n    0.0000    0.0000    0.0000 C   0  0  0  0  0\n    0.0000    0.0000    0.0000 C   0  0  0  0  0\n    0.0000    0.0000    0.0000 Cl  0  0  0  0  0\n    0.0000    0.0000    0.0000 C   0  0  0  0  0\n    0.0000    0.0000    0.0000 C   0  0  0  0  0\n    0.0000    0.0000    0.0000 C   0  0  0  0  0\n    0.0000    0.0000    0.0000 C   0  0  0  0  0\n    0.0000    0.0000    0.0000 F   0  0  0  0  0\n    0.0000    0.0000    0.0000 C   0  0  0  0  0\n    0.0000    0.0000    0.0000 O   0  0  0  0  0\n    0.0000    0.0000    0.0000 O   0  0  0  0  0\n    0.0000    0.0000    0.0000 C   0  0  0  0  0\n  1  6  2  0  0  0\n  1  2  1  0  0  0\n  1 20  1  0  0  0\n  2  3  1  0  0  0\n  2 11  2  0  0  0\n  3  4  2  0  0  0\n  3  5  1  0  0  0\n  5  6  1  0  0  0\n  5  8  1  0  0  0\n  6  7  1  0  0  0\n  8  9  1  0  0  0\n  9 10  2  0  0  0\n 11 12  1  0  0  0\n 12 18  2  0  0  0\n 12 13  1  0  0  0\n 13 14  1  0  0  0\n 13 15  2  0  0  0\n 15 16  1  0  0  0\n 16 17  2  0  0  0\n 17 18  1  0  0  0\n 18 19  1  0  0  0\n 20 21  2  0  0  0\n 20 22  1  0  0  0\n 22 23  1  0  0  0\nM  END\n$$$$\n'
p0
(lp1
ccompounddb.models
Library
p2
(tRp3
(dp4
S'count'
p5
L4886L
sS'_header_cache'
p6
ccompounddb.models
LibraryHeader
p7
(tRp8
(dp9
S'id'
p10
I27
sS'name'
p11
VDrugBank
p12
sbsS'created_time'
p13
cdatetime
datetime
p14
(S"\x07\xd9\x0b\x05\x10'\x07\x01\xbb\n"
p15
tp16
Rp17
sS'version'
p18
I0
sS'header_id'
p19
I27
sg10
I38
sbatp20
.